981,291,437,132,630,267,407,331,819,687,933,885,152,690,110,409,351,127,124,426,
717,159,961,904,255,195,201,910,917,673,728,826,701,787,287,724,619,427,54,205,
695,637,7,105,881,676,237,651,968,907,537,841,113,754,308,956,502,576,216,653,
392,274,335,268,405,605,431,898,334,445,786,671,444,696,322,408,549,233,456,539,
745,361,61,300,138,822,414,461,471,678,682,462,507,668,286,449,777,112,906,411,
785,962,739,125,288,460,64,163,665,5,210,561,588,230,928,614,337,30,63,73,
248,435,632,603,354,197,200,703,340,615,604,612,39,472,35,769,87,306,837,397,
567,390,488,689,677,494,602,712,931,91,899,355,952,658,919,457,310,813,684,744,
921,719,595,520,889,901,316,911,254,807,416,814,964,396,430,644,364,2,756,196,
228,78,382,428,965,802,515,759,617,25,454,438,284,434,74,413,686,260,714,566,
88,186,611,953,212,289,109,298,544,481,220,75,410,387,918,771,282,165,219,562,
734,107,810,640,452,982,377,97,590,740,423,168,895,145,858,679,555,782,565,973,
510,707,647,22,804,381,349,404,713,262,53,633,386,194,465,505,10,706,571,545,
455,840,85,879,867,276,473,69,563,395,62,993,229,56,309,31,415,243,272,495,
126,892,83,311,176,959,798,730,448,51,947,543,925,180,577,664,923,130,148,624,
389,370,15,209,622,718,153,367,417,491,705,487,46,580,823,265,32,37,839,827,
556,108,29,66,258,49,369,767,13,680,916,863,559,743,856,829,141,753,211,384,
663,252,424,450,383,623,333,3,8,538,873,240,844,192,541,133,275,522,878,834,
353,357,992,750,400,296,600,171,164,797,887,14,199,474,27,817,650,149,999,974,
946,534,900,652,225,250,726,270,476,943,820,667,244,845,60,184,582,805,217,783,
173,398,908,697,422,485,514,379,598,302,174,463,115,317,9,592,875,11,699,983,
169,70,154,722,915,218,350,897,6,524,365,378,737,483,362,345,939,998,725,121,
784,572,800,319,273,26,76,504,234,846,891,702,789,98,570,903,960,924,162,482,
94,850,41,466,779,564,880,585,177,709,301,874,266,941,693,848,28,803,781,591,
206,586,193,497,942,529,82,558,553,568,67,315,812,330,842,833,464,691,660,976,
978,715,987,419,808,503,468,224,44,988,629,575,498,388,48,972,977,688,882,853,
922,932,597,182,936,584,557,519,828,406,877,129,862,772,791,343,934,475,746,208,
321,99,824,849,944,187,239,120,966,902,765,732,20,375,518,550,729,989,256,796,
920,104,59,506,376,926,204,261,278,453,554,241,421,147,625,835,596,674,360,945,
621,499,128,532,780,531,731,223,58,857,975,788,253,836,774,352,314,119,513,295,
763,610,700,418,84,681,741,692,72,368,179,758,36,613,391,761,912,616,290,646,
181,627,170,160,117,150,293,969,100,884,938,516,815,339,757,776,45,608,994,864,
281,52,905,865,656,47,480,188,890,618,23,583,42,641,420,560,242,694,139,247,
527,178,269,114,459,90,477,166,957,871,490,144,277,328,299,996,909,970,436,843,
607,547,403,96,985,594,971,373,967,670,955,479,442,155,294,685,12,371,847,231,
440,151,203,593,914,161,57,17,292,888,106,326,157,346,137,470,92,794,801,356,
342,297,752,533,363,606,927,95,963,861,755,251,123,860,348,708,467,19,599,859,
657,721,366,489,24,43,669,303,838,312,893,245,578,0,775,207,246,501,175,439,
793,122,344,134,79,886,71,358,143,202,469,818,733,21,542,626,620,830,930,359,
979,655,511,790,81,523,116,101,792,995,399,773,517,65,764,118,136,257,4,913,
158,672,735,447,929,33,412,937,484,896,766,492,55,868,852,589,736,716,809,214,
443,347,851,280,38,142,762,986,425,222,639,855,980,111,191,185,958,40,393,526,
77,433,249,649,307,380,768,89,662,751,18,213,530,327,264,183,831,478,573,1,
742,374,329,546,997,232,263,869,227,821,325,638,226,581,446,34,949,854,643,648,
723,642,146,271,68,259,954,500,760,636,811,283,866,320,645,238,825,496,711,720,
156,661,93,935,799,324,984,50,948,749,991,80,747,654,587,535,336,323,432,486,
883,569,338,698,574,236,167,235,102,332,135,402,536,551,521,940,675,198,628,795,
103,748,279,634,990,86,493,872,458,806,172,508,770,512,659,540,870,372,394,385,
635,215,579,609,894,131,528,509,738,401,189,704,305,601,950,313,451,631,666,778,
140,525,727,16,832,221,285,710,816,190,429,951,552,341,683,548,318,304,876,441,